latitude: 46.339159
longitude: 3.433923
altitude: 278.142
