# cezeaux_field1
latitude: 45.76261459162684
longitude: 3.110130969872358
altitude: 0.0
