# toulouse FIRA random point
latitude: 43.536585365
longitude: 1.494879002
altitude: 150.0
